camera_setting:
  width             : 640
  height            : 360
  focal_length_x    : 462.032013
  focal_length_y    : 462.032104
  principal_point_x : 306.018036
  principal_point_y : 186.306824
  dist_param_k1     : 0.0
  dist_param_k2     : 0.0
  dist_param_p1     : 0.0
  dist_param_p2     : 0.0
  dist_param_k3     : 0.0
