camera_setting:
  width             : 640
  height            : 360
  focal_length_x    : 461.605774
  focal_length_y    : 461.605804
  principal_point_x : 318.471497
  principal_point_y : 180.336258
  dist_param_k1     : 0.0
  dist_param_k2     : 0.0
  dist_param_p1     : 0.0
  dist_param_p2     : 0.0
  dist_param_k3     : 0.0
